{
  "protocol": "V2_029_HIERARCHICAL_TEMPORAL_CAUSALITY",
  "status": "PASS",
  "replay_collapse_detected": "false",
  "stitched_replay_collapse_detected": "false",
  "ev_replay_distance": 0.22560688914339133,
  "ev_stitched_distance": 0.24425662283956476,
  "time_reversal_ratio": 0.5924894012642402,
  "threshold_replay": 0.1,
  "threshold_stitched": 0.15,
  "names": [
    "static",
    "evolving",
    "replay",
    "random",
    "burst",
    "shuffled_evolving",
    "cyclic_loop",
    "time_reversed_evolving",
    "stitched_replay"
  ],
  "vectors": [
    [
      0.9658829168363023,
      0.17403364636602492,
      0.8370743288336926,
      0.07874218039411289,
      0.1262634982027908,
      0.08981638188056666,
      0.15323578997166853
    ],
    [
      0.9170557932418923,
      0.14918582631543736,
      0.6549818210837741,
      0.09402354912587692,
      0.44365599024203245,
      0.09250702804222845,
      0.27014106027688145
    ],
    [
      0.9287462262696738,
      0.16053382804000618,
      0.6704144055581357,
      0.1334590697786853,
      0.23073090803704058,
      0.05251503895097166,
      0.22651480344402364
    ],
    [
      0.40699933711938047,
      0.04822141047213009,
      0.054049469836507685,
      0.03612694521178953,
      0.1934037269759911,
      0.12184634368047054,
      0.27325119784303387
    ],
    [
      0.8698763228287614,
      0.06254402440790514,
      0.1834502787263355,
      0.18016883324270294,
      0.5260831942618192,
      0.07776618740889757,
      0.2688631197494944
    ],
    [
      0.4091254277654427,
      0.049562908540623306,
      0.06394388997165584,
      0.02894040683758058,
      0.1430611466569748,
      0.11827964146083492,
      0.22645470583987604
    ],
    [
      0.9977826536263046,
      0.9261085031494362,
      0.6033549334994849,
      0.16596146020909086,
      0.29698825816030633,
      0.04588278767425224,
      0.8812697553231024
    ],
    [
      0.9178277610085566,
      0.14937052140949728,
      0.6582670084679454,
      0.09104875928816049,
      0.438756838439057,
      0.05480943958236822,
      0.28118279164683035
    ],
    [
      0.9137997470709406,
      0.14188985174952304,
      0.591996501981075,
      0.05071933902247345,
      0.2392199106840759,
      0.1447200240908015,
      0.17404344270541636
    ]
  ],
  "axes": [
    "coherence",
    "fertility",
    "continuity",
    "evolution",
    "irreversibility",
    "causal_directionality",
    "hierarchical_temporal_causality"
  ],
  "distances": [
    [
      0.0,
      0.3883359107441941,
      0.223619074786846,
      0.9813567085184566,
      0.7953173219660159,
      0.9654719499478531,
      1.0908605323356695,
      0.3876713638811315,
      0.28425485118002286
    ],
    [
      0.3883359107441941,
      0.0,
      0.22560688914339133,
      0.8356552954937614,
      0.49649660538304746,
      0.8452275542708986,
      1.0075363991796387,
      0.03984095346451859,
      0.24425662283956476
    ],
    [
      0.223619074786846,
      0.22560688914339133,
      0.0,
      0.8261946567006232,
      0.5848482737783178,
      0.8204035165739358,
      1.014673375949168,
      0.22013329352594216,
      0.15777608148172698
    ],
    [
      0.9813567085184566,
      0.8356552954937614,
      0.8261946567006232,
      0.0,
      0.603813563426718,
      0.06994908279469875,
      1.350737188141662,
      0.8390632079549942,
      0.7534486620820375
    ],
    [
      0.7953173219660159,
      0.49649660538304746,
      0.5848482737783178,
      0.603813563426718,
      0.0,
      0.6322637211306045,
      1.1692597381127419,
      0.5015338218275721,
      0.5363360387569011
    ],
    [
      0.9654719499478531,
      0.8452275542708986,
      0.8204035165739358,
      0.06994908279469875,
      0.6322637211306045,
      0.0,
      1.3719716327449405,
      0.8486911170136766,
      0.7451354629743773
    ],
    [
      1.0908605323356695,
      1.0075363991796387,
      1.014673375949168,
      1.350737188141662,
      1.1692597381127419,
      1.3719716327449405,
      0.0,
      0.9993119159253073,
      1.0717914073132604
    ],
    [
      0.3876713638811315,
      0.03984095346451859,
      0.22013329352594216,
      0.8390632079549942,
      0.5015338218275721,
      0.8486911170136766,
      0.9993119159253073,
      0.0,
      0.25586747804277665
    ],
    [
      0.28425485118002286,
      0.24425662283956476,
      0.15777608148172698,
      0.7534486620820375,
      0.5363360387569011,
      0.7451354629743773,
      1.0717914073132604,
      0.25586747804277665,
      0.0
    ]
  ],
  "ratios": [
    1.1566191301902973,
    1.339993607520881,
    1.5014008687569764,
    0.8777054128009373,
    1.6485412702742284,
    1.0821307609185993,
    1.1721502590219315
  ],
  "mean_ratio": 1.2540773299262646,
  "gate": "CLOSED"
}