{
  "protocol": "V2_028_CAUSAL_DIRECTIONALITY",
  "status": "PASS",
  "replay_collapse_detected": "false",
  "ev_replay_distance": 0.22134863483588957,
  "time_reversal_not_distinguished": "false",
  "time_reversal_ratio": 0.5924894012642402,
  "ev_time_rev_distance": 0.03828030487490691,
  "threshold": 0.1,
  "names": [
    "static",
    "evolving",
    "replay",
    "random",
    "burst",
    "shuffled_evolving",
    "cyclic_loop",
    "time_reversed_evolving"
  ],
  "vectors": [
    [
      0.9658829168363023,
      0.17403364636602492,
      0.8370743288336926,
      0.07874218039411289,
      0.1262634982027908,
      0.08981638188056666
    ],
    [
      0.9170557932418923,
      0.14918582631543736,
      0.6549818210837741,
      0.09402354912587692,
      0.44365599024203245,
      0.09250702804222845
    ],
    [
      0.9287462262696738,
      0.16053382804000618,
      0.6704144055581357,
      0.1334590697786853,
      0.23073090803704058,
      0.05251503895097166
    ],
    [
      0.40699933711938047,
      0.04822141047213009,
      0.054049469836507685,
      0.03612694521178953,
      0.1934037269759911,
      0.12184634368047054
    ],
    [
      0.8698763228287614,
      0.06254402440790514,
      0.1834502787263355,
      0.18016883324270294,
      0.5260831942618192,
      0.07776618740889757
    ],
    [
      0.4091254277654427,
      0.049562908540623306,
      0.06394388997165584,
      0.02894040683758058,
      0.1430611466569748,
      0.11827964146083492
    ],
    [
      0.9977826536263046,
      0.9261085031494362,
      0.6033549334994849,
      0.16596146020909086,
      0.29698825816030633,
      0.04588278767425224
    ],
    [
      0.9178277610085566,
      0.14937052140949728,
      0.6582670084679454,
      0.09104875928816049,
      0.438756838439057,
      0.05480943958236822
    ]
  ],
  "axes": [
    "coherence",
    "fertility",
    "continuity",
    "evolution",
    "irreversibility",
    "causal_directionality"
  ],
  "distances": [
    [
      0.0,
      0.37032139736772945,
      0.21127157118988685,
      0.9739903958600664,
      0.7868671827110629,
      0.9626915791130585,
      0.8123689102263377,
      0.36594897340447996
    ],
    [
      0.37032139736772945,
      0.0,
      0.22134863483588957,
      0.8356495078267474,
      0.4964949607245758,
      0.844097814790898,
      0.8010314062276057,
      0.03828030487490691
    ],
    [
      0.21127157118988685,
      0.22134863483588957,
      0.0,
      0.8248716992352452,
      0.5833130578407876,
      0.8204035143727495,
      0.775150316293496,
      0.21323714025571716
    ],
    [
      0.9739903958600664,
      0.8356495078267474,
      0.8248716992352452,
      0.0,
      0.6037976185351481,
      0.05199002327387445,
      1.206152720507938,
      0.8390257187735413
    ],
    [
      0.7868671827110629,
      0.4964949607245758,
      0.5833130578407876,
      0.6037976185351481,
      0.0,
      0.6308398683402859,
      0.9960554441781301,
      0.5013824888459039
    ],
    [
      0.9626915791130585,
      0.844097814790898,
      0.8204035143727495,
      0.05199002327387445,
      0.6308398683402859,
      0.0,
      1.2056215874092078,
      0.8469247007389906
    ],
    [
      0.8123689102263377,
      0.8010314062276057,
      0.775150316293496,
      1.206152720507938,
      0.9960554441781301,
      1.2056215874092078,
      0.0,
      0.799074427907752
    ],
    [
      0.36594897340447996,
      0.03828030487490691,
      0.21323714025571716,
      0.8390257187735413,
      0.5013824888459039,
      0.8469247007389906,
      0.799074427907752,
      0.0
    ]
  ],
  "ratios": [
    1.1566191301902973,
    1.339993607520881,
    1.5014008687569764,
    0.8777054128009373,
    1.6485412702742284,
    1.0821307609185993
  ],
  "mean_ratio": 1.2677318417436534,
  "gate": "CLOSED"
}