,sp,si,sb,ta,cq,fm
sp,1.0,0.8677,0.6309,0.6124,-0.1451,0.5998
si,0.8677,1.0,0.7506,0.8285,-0.3795,0.7959
sb,0.6309,0.7506,1.0,0.6106,-0.3181,0.5207
ta,0.6124,0.8285,0.6106,1.0,-0.5532,0.6491
cq,-0.1451,-0.3795,-0.3181,-0.5532,1.0,-0.3629
fm,0.5998,0.7959,0.5207,0.6491,-0.3629,1.0
